,id,gender,region,age,height,weight,detector_score,scale
0,1,1,UP,26.0,,,1,0.3442370040138358
1,2,1,MH,25.0,,,1,0.38322176207491115
2,3,1,UP,27.0,,,1,0.4002927699195964
3,4,1,KL,24.0,,,1,0.32613603638433264
4,5,1,WB,,,,1,0.39660171654718795
5,6,1,GJ,,,,1,0.3606860901903939
6,7,0,RJ,,,,1,0.44769603663138274
7,8,1,KA,23.0,,,1,0.36057438172522316
8,9,1,KA,28.0,,,1,0.3445327068750204
9,10,1,GJ,20.0,,,1,0.3871160201494563
10,11,1,TN,,,,1,0.3633657731447498
11,12,1,AP,21.0,,,1,0.2986228260749952
12,13,1,KA,18.0,,,1,0.3578325926542422
13,14,1,GA,24.0,,,1,0.3501187100295158
14,15,1,PY,29.0,,,1,0.277937575237085
15,16,1,KA,21.0,,,1,0.3196066481388345
16,17,1,KA,21.0,,,1,0.33565689265779886
17,18,1,KA,22.0,,,1,0.36753595535477857
18,19,1,TN,24.0,,,1,0.3469986722954618
19,20,1,TN,23.0,,,1,0.3713327086305915
20,21,1,AP,,,,1,0.2934259601163516
21,22,1,AP,,,,1,0.3421569938233957
22,23,1,AP,23.0,,,1,0.4296751843102678
23,24,1,KA,25.0,,,1,0.2887402443652984
24,25,1,AP,22.0,,,1,0.3088622533585586
25,26,1,KL,23.0,,,1,0.31696324456026703
26,27,1,AP,22.0,,,1,0.30581660833946417
27,28,1,AP,23.0,,,1,0.2886340183031135
28,29,1,KL,24.0,,,1,0.316150937304211
29,30,1,AP,,,,1,0.3519919616709864
30,31,1,AP,23.0,,,1,0.29500564477407626
31,32,1,AP,22.0,,,1,0.3224578339032398
32,33,1,OR,,,,1,0.2708771499543002
33,34,1,BR,,,,1,0.32902723006339935
34,35,1,BR,,,,1,0.31027020899106933
35,36,1,BR,,,,1,0.2814287264322698
36,37,1,BR,,,,1,0.2935877486507791
37,38,1,BR,,,,1,0.3030152164929996
38,39,1,BR,,,,1,0.30800740928736836
39,40,1,BR,,,,1,0.32147901283096286
40,41,1,HR,26.0,,,1,0.3067203463350739
41,42,1,UP,24.0,,,1,0.30061885171116304
42,43,1,BR,26.0,,,1,0.2943203983423182
43,44,1,HR,21.0,,,1,0.26824709627245236
44,45,1,BR,22.0,,,1,0.34994360627307414
45,46,1,WB,26.0,,,1,0.26675686734358156
46,47,0,KA,22.0,,,1,0.2963887137801426
47,48,1,KA,,,,1,0.29077272296462287
48,49,1,AP,,,,1,0.31806058973208123
49,50,1,AP,,,,1,0.3178335359670399
50,51,1,AP,23.0,,,1,0.31532845928506364
51,52,1,KL,22.0,,,1,0.3111556890019028
52,53,1,WB,23.0,,,1,0.3217411736720461
53,54,0,TN,25.0,,,1,0.328249190478388
54,55,1,UP,19.0,,,1,0.2900690923401508
55,56,1,UP,20.0,,,1,0.28458457915148316
56,57,1,KA,21.0,,,1,0.3479012779283058
57,58,0,KL,25.0,,,1,0.32409515277592144
58,59,0,KL,19.0,,,1,0.31139358243696236
59,60,0,KL,24.0,,,1,0.2750064970948359
60,61,1,MP,27.0,,,1,0.3027170420018472
61,62,1,CG,26.0,,,1,0.3182547213322908
62,63,0,MH,22.0,,,1,0.3506642736739571
63,64,0,PB,25.0,,,1,0.3452349454830795
64,65,0,KA,27.0,,,1,0.3767119540191645
65,66,0,MP,25.0,,,1,0.28835111484717146
66,67,1,KA,26.0,,,1,0.3140011912865656
67,68,1,AP,23.0,,,1,0.3315514690097205
68,69,1,AP,23.0,,,1,0.3012773303984888
69,70,1,AP,24.0,,,1,0.28757735715943367
70,71,0,HP,27.0,,,1,0.32798810620607155
71,72,1,AP,22.0,,,1,0.3697163317962364
72,73,1,UP,23.0,,,1,0.3239306820925216
73,74,1,WB,27.0,,,1,0.3040621923006331
74,75,1,DL,23.0,,,1,0.31039772492344864
75,76,1,MP,24.0,,,1,0.3069805447195264
76,77,1,BR,24.0,,,1,0.27573626270418705
77,78,1,BR,25.0,,,1,0.3159284184862674
78,79,1,WB,25.0,,,1,0.3093940351950982
79,80,1,WB,24.0,,,1,0.3045208123455858
80,81,1,UP,23.0,,,1,0.30970307618383985
81,82,1,CG,22.0,,,1,0.28563234988839986
82,83,1,UP,22.0,,,1,0.32145330510924247
83,84,1,KA,24.0,,,1,0.30011611396396776
84,85,1,AS,26.0,,,1,0.3036295296758506
85,86,1,HR,27.0,,,1,0.3218985989025703
86,87,1,GJ,28.0,,,1,0.3025526315040612
87,88,1,KA,24.0,,,1,0.29572369570243184
88,89,1,TN,22.0,,,1,0.3128962587987042
89,90,1,TN,22.0,,,1,0.29933148138344184
90,91,1,TN,22.0,,,1,0.2837894625008948
91,92,1,AP,23.0,,,1,0.30114695608182074
92,93,1,AP,24.0,,,1,0.31035328537413204
93,94,1,AP,23.0,,,1,0.33001796872183714
94,95,1,BR,28.0,,,1,0.2947096755275125
95,96,1,AP,23.0,,,1,0.30400736898688063
96,97,1,TN,25.0,,,1,0.3043040263684055
97,98,1,KL,24.0,,,1,0.2751421194396715
98,99,1,TN,26.0,,,1,0.2797423288299398
99,100,0,TN,,,,1,0.3437360224451695
100,101,1,UP,21.0,,,1,0.2807779163391305
101,102,1,KL,24.0,,,1,0.29833833472888216
102,103,1,MH,22.0,,,1,0.33947588801628464
103,104,1,AP,23.0,,,1,0.30439075254608805
104,105,1,UP,24.0,,,1,0.3344016766509522
105,106,1,TN,25.0,,,1,0.3338856821181392
106,107,1,DL,23.0,,,1,0.31518471660698566
107,108,1,RJ,23.0,,,1,0.3077304909643574
108,109,1,AP,23.0,,,1,0.27536930362486595
109,110,1,MH,24.0,,,1,0.3231301714047256
110,111,1,MH,24.0,,,1,0.3064522074400819
111,112,1,CG,22.0,,,1,0.32455895324766565
112,113,0,KA,25.0,,,1,0.3493100920209996
113,114,0,MH,24.0,,,1,0.3316798769873164
114,115,0,AP,22.0,,,1,0.29953375651904524
115,116,1,BR,25.0,,,1,0.3388266715012098
116,117,1,BR,26.0,,,1,0.2987176394309301
117,118,0,WB,24.0,,,1,0.3189374959885922
118,119,0,WB,22.0,,,1,0.3158311658384204
119,120,1,MP,26.0,,,1,0.3367909618515814
120,121,0,DL,22.0,,,1,0.340030166924208
121,122,0,MH,22.0,,,1,0.35941836995230586
122,123,0,RJ,26.0,,,1,0.2994821881704458
123,124,0,OR,26.0,,,1,0.3190935192341417
124,125,0,KA,26.0,,,1,0.2960513761590483
125,126,0,MH,24.0,,,1,0.27909379169035153
126,127,0,UP,25.0,,,1,0.344923406541684
127,128,0,MH,24.0,,,1,0.3013822108643895
128,129,0,KA,24.0,,,1,0.3423958306421946
129,130,0,WB,27.0,,,1,0.33848631155300724
130,131,0,KL,28.0,,,1,0.3463073053419797
131,132,0,WB,26.0,,,1,0.30116790066755617
132,133,0,UP,27.0,,,1,0.3084661959386857
133,134,1,GA,22.0,,,1,0.31041295688760223
134,135,0,KA,26.0,,,1,0.3198159096441748
135,136,0,UP,27.0,,,1,0.2871404652681567
136,137,1,OR,30.0,,,1,0.31153706806263165
137,138,0,UP,25.0,,,1,0.33725910029381617
138,139,0,UP,26.0,,,1,0.32533106424799074
139,140,0,KA,23.0,,,1,0.30527665426371964
140,141,0,DL,23.0,,,1,0.30697079806785926
141,142,0,CT,20.0,,,1,0.3474728089954524
142,143,0,UP,20.0,,,1,0.3416096582367523
143,144,0,RJ,20.0,,,1,0.3197844028365057
144,145,0,RJ,20.0,,,1,0.320502133119019
145,146,0,WB,25.0,,,1,0.34611007726930654
146,147,0,KA,24.0,,,1,0.2993208023647549
147,148,1,KA,23.0,,,1,0.3101599404244718
148,149,1,KA,19.0,,,1,0.29110154611227795
149,150,1,TN,19.0,,,1,0.29054262313683354
150,151,0,KA,16.0,,,1,0.30183329952804655
151,152,0,KA,16.0,,,1,0.2922145773104636
152,153,0,TN,23.0,,,1,0.3127044841692539
153,154,0,AP,25.0,,,1,0.3577916643682956
154,155,0,KA,28.0,,,1,0.35074940232816215
155,156,0,KA,25.0,,,1,0.2929555748174885
156,157,0,KA,28.0,,,1,0.3248763444225725
157,158,0,UK,27.0,,,1,0.3237039794122795
158,159,0,OR,28.0,,,1,0.32492783509354073
159,160,0,KA,23.0,,,1,0.2902120595484747
160,161,0,KA,19.0,,,1,0.36167084808394384
161,162,0,MH,26.0,,,1,0.356710621607787
162,163,0,KL,19.0,,,1,0.2915960939504606
163,164,0,KL,18.0,,,1,0.3027806249540997
164,165,0,KL,24.0,,,1,0.2825488218997255
165,166,0,WB,28.0,,,1,0.3282204762092608
166,167,0,WB,25.0,,,1,0.31855751057349574
167,168,0,WB,28.0,,,1,0.2859775658297243
168,169,0,WB,25.0,,,1,0.2809746654721301
169,170,0,MH,25.0,,,1,0.31557499853821525
170,171,0,MH,24.0,,,1,0.31520152325926687
171,172,0,TN,21.0,,,1,0.2923870589624519
172,173,1,MP,26.0,,,1,0.34229208109128206
173,174,1,AP,25.0,,,1,0.33713278106079014
174,175,1,UP,24.0,,,1,0.31176880195397305
175,176,1,KA,,,,1,0.29389976987465544
176,177,1,PY,,,,1,0.2688535478647597
177,178,1,KA,19.0,,,1,0.3296056861224923
178,179,1,KA,18.0,,,1,0.30229851694564924
179,180,1,KA,19.0,,,1,0.29765469606091133
180,181,1,KA,19.0,,,1,0.2835519384046326
181,182,1,JH,22.0,,,1,0.29694915862619536
182,183,1,KA,21.0,,,1,0.30450985350767734
183,184,1,JH,22.0,,,1,0.3071291644485126
184,185,0,KA,22.0,,,1,0.33872908264049356
185,186,0,KA,21.0,,,1,0.3402842738900556
186,187,0,KA,22.0,,,1,0.37174592448054183
187,188,0,KA,21.0,,,1,0.2859793055036086
188,189,1,KA,17.0,,,1,0.32021545230834764
189,190,1,KA,17.0,,,1,0.32905855602284484
190,191,1,KA,20.0,,,1,0.30206151801322584
191,192,1,KA,20.0,,,1,0.3030775192485284
192,193,1,KA,20.0,,,1,0.3123572226629034
193,194,1,KA,19.0,,,1,0.3155080284659597
194,195,1,BR,21.0,,,1,0.30629926470554275
195,196,1,KA,20.0,,,1,0.3141303644309445
196,197,1,WB,21.0,,,1,0.28683000114800067
197,198,1,UP,21.0,,,1,0.31421670036245325
198,199,1,BR,21.0,,,1,0.3184126061824097
199,200,1,KA,21.0,,,1,0.289216436005066
200,201,1,AP,21.0,,,1,0.3115341486034734
201,202,1,KA,22.0,,,1,0.2879746287478191
202,203,1,KA,22.0,,,1,0.3067345372835497
203,204,1,KA,21.0,,,1,0.3054260823450896
204,205,1,KA,,,,1,0.33837657229681584
205,206,1,KA,20.0,,,1,0.2668742263203021
206,207,1,KA,19.0,,,1,0.3201416536158748
207,208,1,KA,19.0,,,1,0.2879745025484996
208,209,1,KA,20.0,,,1,0.30402524290998906
209,210,0,KA,21.0,,,1,0.33237159839397273
210,211,0,KA,19.0,,,1,0.3590342558277969
211,212,0,KA,20.0,,,1,0.3198735373562035
212,213,0,KA,20.0,,,1,0.3281511368689343
213,214,0,KA,19.0,,,1,0.3204161658485481
214,215,0,KA,20.0,,,1,0.28145434401845726
215,216,1,MP,21.0,,,1,0.3004696060226133
216,217,0,KA,19.0,,,1,0.28131912624982397
217,218,0,KA,19.0,,,1,0.3221050186999156
218,219,1,KA,18.0,,,1,0.31095891479248783
219,220,1,KA,19.0,,,1,0.3552489765890265
220,221,1,KA,20.0,,,1,0.2640930191850551
221,222,1,KA,20.0,,,1,0.30117016775900374
222,223,1,KA,20.0,,,1,0.29085734049091133
223,224,1,KA,19.0,,,1,0.281271014168708
224,225,1,KA,21.0,,,1,0.31727622071995315
225,226,1,KA,17.0,,,1,0.3035255068214489
226,227,1,KA,18.0,,,1,0.2896568048490138
227,228,1,KA,18.0,,,1,0.28229025990160056
228,229,1,KA,18.0,,,1,0.2956183210457871
229,230,1,NO,,,,1,0.5216958508684914
230,231,1,NO,,,,1,0.39994129577545917
231,232,1,NO,,,,1,0.40109900481003175
232,233,1,NO,,,,1,0.4121752380025504
233,234,1,NO,,,,1,0.35788386417002854
234,235,1,NO,,,,1,0.38663224341464014
235,236,1,NO,,,,1,0.3779029630311147
236,237,1,NO,,,,1,0.7062974334895308
237,238,1,NO,,,,1,0.4309309054803444
238,239,1,NO,,,,1,0.4287025209871745
239,240,1,NO,,,,1,0.43777717836108315
240,241,1,NO,,,,1,0.3296818405639829
241,242,1,NO,,,,1,0.4489407745874553
242,243,1,NO,,,,1,0.42191040064746643
243,244,1,NO,,,,1,0.361188608488848
244,245,1,NO,,,,1,0.46757282764510416
245,246,1,SO,,,,1,0.4858111221221259
246,247,1,SO,,,,1,0.46931541326328113
247,248,1,SO,,,,1,0.44019429574105573
248,249,1,SO,,,,1,0.3531142776654456
249,250,1,SO,,,,1,0.39085328578177825
250,251,1,SO,,,,1,0.37978850806282594
